get_deployed_facilities	get_total_distance	get_total_distance_after_interdiction	get_interdicted_facilities
0	2147483647	2147483647	0
1	5773.96158904	5773.96158904	0
1	5773.96158904	2147483647	1
2	5155.80529771	5155.80529771	0
2	5155.80529771	11293.2713245	1
2	5155.80529771	2147483647	2
3	4309.52682661	4309.52682661	0
3	4309.52682661	7134.18558958	1
3	4309.52682661	15448.5871694	2
3	4309.52682661	2147483647	3
4	3831.45610519	3831.45610519	0
4	3831.45610519	5408.53107032	1
4	3831.45610519	10124.9753138	2
4	3831.45610519	15479.022832	3
4	3831.45610519	2147483647	4
5	3612.10006782	3612.10006782	0
5	3612.10006782	4866.4785599	1
5	3612.10006782	6592.73691977	2
5	3612.10006782	8926.8925487	3
5	3612.10006782	12099.3968656	4
5	3612.10006782	2147483647	5
6	3097.99796943	3097.99796943	0
6	3097.99796943	3854.45168058	1
6	3097.99796943	5201.36936898	2
6	3097.99796943	9106.73434241	3
6	3097.99796943	13051.0347589	4
6	3097.99796943	13271.417992	5
6	3097.99796943	2147483647	6
7	2966.14819576	2966.14819576	0
7	2966.14819576	3700.47209768	1
7	2966.14819576	4306.85236653	2
7	2966.14819576	5450.86929913	3
7	2966.14819576	8511.82583095	4
7	2966.14819576	10324.2746555	5
8	2879.21771892	2879.21771892	0
8	2879.21771892	3443.74168658	1
8	2879.21771892	4488.43196942	2
8	2879.21771892	5998.57548585	3
8	2879.21771892	8675.50188583	4
8	2879.21771892	11722.2434667	5
8	2879.21771892	12149.1811194	6
8	2879.21771892	13271.417992	7
9	2721.38216459	3331.25621505	1
9	2721.38216459	3520.37627373	2
9	2721.38216459	5429.30350968	3
9	2721.38216459	7255.90653954	4
9	2721.38216459	8414.64152879	5
9	2721.38216459	10695.5109013	6
9	2721.38216459	12791.2970292	7
9	2721.38216459	13163.0347004	8
11	2620.41308014	2721.38210571	1
11	2620.41308014	2876.43125494	2
11	2620.41308014	3804.76176998	3
11	2620.41308014	4625.76014711	4
11	2620.41308014	4876.98703267	5
11	2620.41308014	5779.90119409	6
11	2620.41308014	8311.5165387	7
14	1832.65340335	2404.95531916	2
14	1832.65340335	2912.77003257	3
14	1832.65340335	4215.10079471	4
14	1832.65340335	4476.21040445	5
14	1832.65340335	4718.323793	6
14	1832.65340335	5236.11675546	7
14	1832.65340335	5497.2263652	8
15	1576.50843662	3346.51288167	4
15	1576.50843662	3962.82844084	5
15	1576.50843662	6031.81941357	6
15	1576.50843662	6762.37974445	7
15	1576.50843662	8016.61865552	8
15	1576.50843662	8697.8759626	9
15	1576.50843662	9834.59403543	10
15	1576.50843662	11841.2752655	11
15	1576.50843662	12306.2170428	12
16	1412.3770415	1834.74232111	2
16	1412.3770415	2462.73056227	3
16	1412.3770415	2912.46831351	4
16	1412.3770415	3411.36079299	5
16	1412.3770415	4033.49214705	6
16	1412.3770415	4303.18404559	7
16	1412.3770415	4502.02691903	8
16	1412.3770415	4864.65870279	9
16	1412.3770415	5253.35098123	10
16	1412.3770415	6260.45588407	11
16	1412.3770415	6409.32148242	12
16	1412.3770415	6626.96709913	13
17	1341.02951858	1884.5426483	2
17	1341.02951858	2107.11030108	3
17	1341.02951858	2341.20031762	4
17	1341.02951858	2783.50169013	5
17	1341.02951858	3454.44304517	6
17	1341.02951858	4006.82790149	7
17	1341.02951858	4491.77162935	8
17	1341.02951858	4699.52729078	9
17	1341.02951858	4860.91686185	10
18	1284.71395312	1931.78690903	3
18	1284.71395312	2428.88257183	4
18	1284.71395312	2858.69040961	5
18	1284.71395312	3712.09580093	6
18	1284.71395312	4662.16265159	7
18	1284.71395312	5546.66039292	8
18	1284.71395312	6229.4586298	9
18	1284.71395312	7039.58562188	10
18	1284.71395312	8064.79318924	11
18	1284.71395312	8261.93823877	12
19	1177.18607989	1734.55651466	2
19	1177.18607989	1963.79959537	3
19	1177.18607989	2457.46974287	4
19	1177.18607989	2877.44765129	5
19	1177.18607989	3352.55021122	6
19	1177.18607989	3960.95887146	7
19	1177.18607989	4983.80471947	8
19	1177.18607989	5134.38862593	9
19	1177.18607989	5275.3785705	10
19	1177.18607989	5322.70822789	11
20	1078.66690664	1510.63035798	2
20	1078.66690664	1732.29225888	3
20	1078.66690664	2223.47141288	4
20	1078.66690664	2653.27925066	5
20	1078.66690664	3138.47380912	6
20	1078.66690664	3758.69066544	7
20	1078.66690664	4336.01548186	8
21	1014.60100161	1634.69050876	3
21	1014.60100161	2473.45950623	4
21	1014.60100161	2929.59147789	5
21	1014.60100161	3627.53736567	6
21	1014.60100161	4185.50462662	7
21	1014.60100161	4685.76179011	8
21	1014.60100161	4852.60821543	9
21	1014.60100161	5094.19823883	10
21	1014.60100161	5195.12933583	11
21	1014.60100161	5289.99766564	12
21	1014.60100161	5376.31600141	13
21	1014.60100161	5418.31600141	14
22	918.944114183	1668.76991913	4
22	918.944114183	1993.18673476	5
22	918.944114183	2972.35120242	6
22	918.944114183	3710.17816339	7
22	918.944114183	4287.50297981	8
22	918.944114183	4786.36797844	9
22	918.944114183	6744.11057775	10
23	867.307417456	1781.54411686	5
23	867.307417456	2456.42298865	6
23	867.307417456	2932.90518738	7
23	867.307417456	3651.87511305	8
23	867.307417456	4214.37322334	9
23	867.307417456	4582.10399643	10
23	867.307417456	4797.73432679	11
23	867.307417456	4992.52544481	12
23	867.307417456	5174.74289097	13
23	867.307417456	5369.53400899	14
23	867.307417456	5626.36753685	16
24	845.944305719	1791.42542029	5
24	845.944305719	2300.66873723	6
24	845.944305719	3550.82077212	7
24	845.944305719	4092.8834875	8
24	845.944305719	4252.33834979	9
24	845.944305719	4532.91880662	10
24	845.944305719	4736.39394784	11
24	845.944305719	5009.34410723	12
24	845.944305719	5089.52277705	13
24	845.944305719	5130.69580795	14
25	778.246210075	1715.30857922	5
25	778.246210075	2224.55189616	6
25	778.246210075	3131.49609564	7
25	778.246210075	3695.58191296	8
25	778.246210075	4130.09499917	9
25	778.246210075	4278.65108494	10
25	778.246210075	4426.71112793	11
25	778.246210075	4565.83156074	12
25	778.246210075	4615.32903543	13
26	708.885050804	1547.21712377	5
26	708.885050804	1953.9646307	6
26	708.885050804	2916.49680158	7
26	708.885050804	3642.60750459	8
26	708.885050804	3993.5519775	9
26	708.885050804	4524.60401822	10
26	708.885050804	4867.29246149	11
26	708.885050804	5083.08437439	12
27	699.307066199	1712.72139715	6
27	699.307066199	2019.04257234	7
27	699.307066199	2271.70582185	8
27	699.307066199	2536.55512883	9
27	699.307066199	2794.1476521	10
27	699.307066199	3282.97291243	11
27	699.307066199	3405.584425	12
27	699.307066199	3733.671202	13
28	650.927607306	3204.21527638	9
28	650.927607306	4213.80371107	10
28	650.927607306	4555.1499823	11
28	650.927607306	4650.01831211	12
28	650.927607306	4843.1214387	13
28	650.927607306	4937.98976851	14
28	650.927607306	5067.22694999	15
28	650.927607306	5162.09527979	16
28	650.927607306	5235.33435373	17
28	650.927607306	5305.46497968	18
28	650.927607306	5359.92689914	19
28	650.927607306	5394.08837962	20
29	612.459389523	2353.46172282	9
29	612.459389523	2907.16855982	10
29	612.459389523	4346.61373997	11
29	612.459389523	5348.15102924	12
29	612.459389523	5577.16364522	13
29	612.459389523	5716.24139936	14
29	612.459389523	5846.44552023	15
29	612.459389523	5963.59825139	16
30	586.932025117	2397.60214135	9
30	586.932025117	3233.49842336	10
30	586.932025117	3791.46568431	11
30	586.932025117	4274.0517578	12
30	586.932025117	4492.262974	13
30	586.932025117	4610.44926762	14
30	586.932025117	4715.12553227	15
30	586.932025117	4788.53253843	16
30	586.932025117	4849.53474811	17
31	532.189061892	1200.25260539	4
31	532.189061892	1323.80016709	5
31	532.189061892	1623.44295766	6
31	532.189061892	1917.13923263	7
31	532.189061892	2573.97828387	8
31	532.189061892	2841.36981428	9
31	532.189061892	2964.91737597	10
31	532.189061892	3068.32550684	11
31	532.189061892	3180.13122184	12
31	532.189061892	3263.64878336	13
31	532.189061892	3277.16376085	14
32	496.268348885	2174.36991665	7
32	496.268348885	2557.63629437	8
32	496.268348885	2693.20463109	9
32	496.268348885	2836.57341892	10
32	496.268348885	2936.48293733	11
32	496.268348885	3072.05127405	12
32	496.268348885	3215.42006187	13
32	496.268348885	3310.28839168	14
32	496.268348885	3400.97715626	15
32	496.268348885	3474.25276673	16
34	462.772637684	1710.20393067	8
34	462.772637684	1884.15351275	9
34	462.772637684	2039.42795378	10
34	462.772637684	2410.53221376	11
34	462.772637684	3100.81899439	12
34	462.772637684	3194.17137923	13
34	462.772637684	3285.11763929	14
34	462.772637684	3378.47002413	15
34	462.772637684	3445.19514755	16
34	462.772637684	3509.61733638	17
35	414.661038468	1145.18590583	10
35	414.661038468	2242.76384199	11
35	414.661038468	2709.99523017	12
35	414.661038468	2985.57130522	13
35	414.661038468	3065.86296459	14
35	414.661038468	3155.38893419	15
35	414.661038468	3228.79594036	16
35	414.661038468	3303.76647792	17
35	414.661038468	3374.20084454	18
35	414.661038468	3447.58474811	19
35	414.661038468	3520.14908752	20
35	414.661038468	3533.54856332	21
35	414.661038468	3635.45927507	22
37	358.596642146	1414.21430909	7
37	358.596642146	1566.99736766	8
37	358.596642146	1699.95210091	9
37	358.596642146	1919.16225291	10
37	358.596642146	2093.11183498	11
37	358.596642146	2281.32077367	12
37	358.596642146	2419.02047206	13
37	358.596642146	2587.70831158	14
37	358.596642146	2705.8946052	15
37	358.596642146	2816.25556163	16
37	358.596642146	2922.26047683	17
37	358.596642146	3076.21369668	18
42	722.847935067	1484.9750733	14
42	722.847935067	2019.8006059	15
42	722.847935067	2488.71245885	17
42	722.847935067	2867.97917533	18
42	722.847935067	3148.24349165	21
42	722.847935067	3527.03893946	26
43	474.473805183	1077.96682807	14
43	474.473805183	1388.53633848	15
43	474.473805183	1553.59737109	16
43	474.473805183	1703.08327047	17
43	474.473805183	1926.18535673	19
43	474.473805183	1977.09473449	21
43	474.473805183	2057.67163844	22
43	474.473805183	2307.95244867	23
43	474.473805183	2614.5883951	25
43	474.473805183	2758.80576039	28
45	210.934493352	977.828622712	15
45	210.934493352	1452.33820167	16
45	210.934493352	1619.09436997	18
45	210.934493352	1711.74489642	19
45	210.934493352	1880.97376081	20
45	210.934493352	2066.66353507	22
45	210.934493352	2075.04332285	23
45	210.934493352	2251.92988741	25
45	210.934493352	2269.65556538	26
45	210.934493352	2572.78766681	29
45	210.934493352	2775.94812079	30
46	165.602282945	1378.40020022	17
46	165.602282945	1496.5460471	18
46	165.602282945	1738.31274951	20
46	165.602282945	1838.3884158	21
46	165.602282945	1985.75142599	22
46	165.602282945	3502.65247272	23
48	130.566415341	1293.30165656	16
48	130.566415341	1320.29755227	20
48	130.566415341	1593.35364373	21
48	130.566415341	1685.94061339	23
48	130.566415341	1731.63000234	24
48	130.566415341	1785.75221325	25
48	130.566415341	2049.07385112	26
48	130.566415341	2197.54163397	28
48	130.566415341	2708.46051205	30
48	130.566415341	2846.21508767	33
49	121.352448201	1047.67740432	16
49	121.352448201	1131.25285974	18
49	121.352448201	1162.53846353	19
49	121.352448201	1450.69300114	20
49	121.352448201	1542.69844681	22
49	121.352448201	1801.23518194	23
49	121.352448201	1833.89402586	24
49	121.352448201	2011.42040386	25
49	121.352448201	2033.66000183	26
49	121.352448201	2114.60574227	27
49	121.352448201	2534.00066099	28
50	108.482285286	1082.7598912	17
50	108.482285286	1266.58122472	20
50	108.482285286	1423.52888222	21
50	108.482285286	1645.88722813	22
50	108.482285286	1662.54490941	23
50	108.482285286	1834.36043978	24
50	108.482285286	2066.99758624	25
50	108.482285286	2126.07915352	27
50	108.482285286	2272.54848824	29
50	108.482285286	2364.0286725	30
50	108.482285286	2662.16235349	32
51	66.3809663225	849.439835225	17
51	66.3809663225	1190.97450913	18
51	66.3809663225	1334.08964788	20
51	66.3809663225	1437.05709505	21
51	66.3809663225	1490.44180994	22
51	66.3809663225	1523.55999756	23
51	66.3809663225	1617.97297251	24
51	66.3809663225	1757.24645727	25
51	66.3809663225	1850.4404252	27
51	66.3809663225	2132.11583218	29
51	66.3809663225	2193.4092112	33
51	66.3809663225	2271.64249675	34
51	66.3809663225	2395.47465097	37
52	59.6449510225	527.461845824	16
52	59.6449510225	1177.64215171	18
52	59.6449510225	1277.99949227	19
52	59.6449510225	1416.51259518	21
52	59.6449510225	1677.94011542	23
52	59.6449510225	1781.34707843	24
52	59.6449510225	1859.70209147	25
52	59.6449510225	1959.65706253	27
52	59.6449510225	2171.95812714	28
52	59.6449510225	2189.75913161	29
52	59.6449510225	2304.50114123	34
52	59.6449510225	2424.13164469	35
52	59.6449510225	2584.75990253	36
53	32.4928556845	601.917679398	14
53	32.4928556845	1136.02205919	17
53	32.4928556845	1207.86419845	19
53	32.4928556845	1244.96130119	20
53	32.4928556845	1496.78197887	21
53	32.4928556845	1608.1727512	23
53	32.4928556845	1616.8729648	24
53	32.4928556845	1618.77210755	25
53	32.4928556845	1880.72209099	26
53	32.4928556845	1956.003897	29
53	32.4928556845	2290.62399317	30
53	32.4928556845	2334.12427007	32
53	32.4928556845	2518.2394079	36
54	8.94427191	752.014747729	17
54	8.94427191	813.335292407	19
54	8.94427191	1265.93841973	20
54	8.94427191	1364.72109621	21
54	8.94427191	1370.07403748	22
54	8.94427191	1582.34128575	23
54	8.94427191	1633.96118283	24
54	8.94427191	1749.25328386	25
54	8.94427191	1817.93017366	26
54	8.94427191	2234.42887854	29
54	8.94427191	2315.03983226	32
55	0.0	823.80802714	19
55	0.0	1134.19579598	21
55	0.0	1144.24670365	22
55	0.0	1347.89958374	23
55	0.0	1383.9182375	24
55	0.0	1481.62175245	25
55	0.0	1600.48366478	26
55	0.0	1681.54186058	28
55	0.0	2214.0104462	29
55	0.0	2703.61551157	30
55	0.0	2781.9294301	32
55	0.0	2980.61080472	33
